3
100
0.0000000 0.1427300 0.9532664 0.7937327 0.4049490 0.0934256 0.7995220 0.6422535 0.2524518 0.3136891 0.9734556 0.5290694 0.9349561 0.8706969 0.7727215 0.4183639 0.2282031 0.5501000 0.0552981 0.6154151 0.4267179 0.3893119 0.7706310 0.6591398 0.1769315 0.3227290 0.3147807 0.6872820 0.1113599 0.9684393 0.7961949 0.6109458 0.1211693 0.7594613 0.4146785 0.5161183 0.8428869 0.2242005 0.1683718 0.1053387 0.5278896 0.1518274 0.6244081 0.4728457 0.0325244 0.4071296 0.8812096 0.2507275 0.9472296 0.9265076 0.8561425 0.3839474 0.3258195 0.6367736 0.0530873 0.4927510 0.9495026 0.3578680 0.1900330 0.0708625 0.3363073 0.9762279 0.6718083 0.4474767 0.7456892 0.0964868 0.9535950 0.5985760 0.3106873 0.1319669 0.6939147 0.8285769 0.2737943 0.3283229 0.3114225 0.2963187 0.7254525 0.2026321 0.5370461 0.6826820 0.1391397 0.4031887 0.0766295 0.4549592 0.0499622 0.1197167 0.9377103 0.9894648 0.4675848 0.1377432 0.0703274 0.7938921 0.1239711 0.7321357 0.2513688 0.8596603 0.8186225 0.2149638 0.4682363 0.1393098 
0.1427300 0.0000000 0.3369307 0.1721511 0.9578866 0.6007250 0.4904739 0.2793091 0.8870436 0.2259264 0.4719412 0.4340898 0.8986084 0.6010809 0.8272784 0.9652378 0.0660401 0.8672407 0.0949546 0.0137504 0.8667055 0.5525393 0.1414936 0.9270329 0.3564315 0.2554647 0.6691686 0.5978002 0.1251250 0.4977912 0.8027641 0.5833613 0.6271009 0.1496947 0.7455124 0.5949876 0.7404197 0.2459863 0.8642967 0.6374634 0.4619127 0.3462379 0.0815531 0.3705210 0.9373188 0.8988316 0.3457589 0.0133589 0.7760723 0.4307135 0.0171093 0.6527778 0.9732528 0.1486029 0.5898107 0.3396843 0.3940676 0.2689793 0.9274845 0.5091926 0.7567705 0.7402486 0.1025540 0.3938714 0.8799433 0.8380663 0.9788590 0.6303630 0.0940526 0.8531557 0.2778264 0.5459653 0.2093937 0.3493795 0.9064863 0.1567125 0.2582111 0.2622452 0.1600714 0.0442834 0.6829587 0.1671807 0.6870611 0.6662116 0.3057836 0.2868719 0.0158958 0.6898512 0.5458512 0.9333804 0.2090438 0.3126217 0.6836290 0.3015978 0.6964931 0.5735723 0.1496641 0.6853521 0.2139353 0.2337168 
0.9532664 0.3369307 0.0000000 0.5485078 0.4817617 0.7696821 0.7479015 0.8211412 0.6861684 0.8946140 0.0893522 0.9384136 0.0646854 0.1236356 0.6313724 0.2218661 0.8006967 0.3075839 0.5176497 0.0975686 0.3134798 0.2175009 0.6334198 0.2568601 0.4165448 0.9360414 0.9304891 0.7081426 0.6425345 0.5140614 0.8478067 0.3378866 0.7179966 0.0915235 0.8763945 0.2097583 0.8512055 0.6342960 0.0408994 0.5473739 0.5389100 0.1202517 0.4957875 0.5935954 0.2338873 0.1371599 0.8054615 0.0445840 0.4347438 0.3331112 0.1321526 0.7382236 0.5406122 0.7555724 0.9850837 0.9471569 0.7016138 0.9255728 0.6652995 0.3541484 0.4496342 0.5231062 0.6820350 0.1776308 0.6046296 0.5684295 0.3773891 0.4658351 0.2127255 0.4082885 0.0232091 0.7416355 0.5185402 0.5089966 0.3452309 0.7424275 0.6361565 0.1606924 0.7770115 0.0809003 0.4838036 0.8991642 0.8091239 0.0344158 0.6647366 0.8042076 0.9715727 0.3763504 0.7397804 0.6468722 0.7204988 0.1994145 0.1799784 0.4125338 0.3670453 0.7746081 0.9709633 0.7344344 0.2504432 0.1936888 
0.7937327 0.1721511 0.5485078 0.0000000 0.1527229 0.2636523 0.9253242 0.6612631 0.7626488 0.2805551 0.4136906 0.4088053 0.4312475 0.2007022 0.4797056 0.9050511 0.1098663 0.2988295 0.9294669 0.7646029 0.1130370 0.9110396 0.1509533 0.8428174 0.5679118 0.8614521 0.0522319 0.7378902 0.2839859 0.4092773 0.5224983 0.2649492 0.1537117 0.7629415 0.4486380 0.2964346 0.0365938 0.3839623 0.9476977 0.7892426 0.6545174 0.3713883 0.2080479 0.0957648 0.5620905 0.6777535 0.0108160 0.6619568 0.9665830 0.9302828 0.4365597 0.0896200 0.8513225 0.5775131 0.9224374 0.4292343 0.4489652 0.9646693 0.1771245 0.7229511 0.3839466 0.6896228 0.9779004 0.5276583 0.4625643 0.4365384 0.8140928 0.4891581 0.8105007 0.7717905 0.2884007 0.4750180 0.1531789 0.4864486 0.5607829 0.7052694 0.1742021 0.5615988 0.3772262 0.1507850 0.5018817 0.8037859 0.2304051 0.3632041 0.3912990 0.1628425 0.7824384 0.8302642 0.1375118 0.9495630 0.5632154 0.5114584 0.6491858 0.5511157 0.0491167 0.1217501 0.9776541 0.8532095 0.6009082 0.7981548 
0.4049490 0.9578866 0.4817617 0.1527229 0.0000000 0.6350000 0.8793089 0.2831729 0.7781789 0.3757575 0.8339557 0.4934483 0.5399595 0.4055546 0.8606744 0.6807446 0.8974363 0.6744604 0.9011496 0.2706404 0.0757594 0.0739921 0.0630788 0.8960236 0.2015039 0.0226418 0.4692390 0.7029623 0.6618275 0.0303547 0.7420790 0.7735777 0.0180089 0.6052885 0.3844859 0.8061637 0.2502885 0.2737948 0.0993365 0.0384674 0.6395522 0.9232923 0.5219157 0.1895118 0.3388469 0.3925901 0.8602564 0.2462831 0.0770505 0.7714060 0.5069235 0.1428099 0.8353981 0.5600023 0.0488335 0.0469021 0.5726441 0.5080725 0.7398644 0.2444716 0.5284272 0.4919434 0.0280493 0.5364361 0.1072319 0.4025352 0.3525998 0.3475204 0.6663300 0.4419363 0.3759878 0.3158822 0.3752286 0.8879035 0.4953940 0.7040755 0.2904937 0.3656504 0.9403586 0.3575442 0.1470564 0.4572821 0.4903541 0.9724545 0.0272844 0.5291876 0.0293566 0.5899285 0.0472602 0.7592210 0.8244001 0.5656874 0.2611644 0.8424494 0.1121235 0.3583962 0.2549846 0.4547233 0.6959167 0.9113145 
0.0934256 0.6007250 0.7696821 0.2636523 0.6350000 0.0000000 0.8866596 0.0819045 0.2371967 0.2718882 0.9598080 0.7225907 0.9659637 0.2603017 0.0982411 0.9163223 0.6078459 0.2352975 0.3836044 0.1081999 0.2177520 0.4008888 0.6273876 0.2371086 0.9808173 0.6646477 0.9863296 0.8152174 0.2403351 0.2574939 0.6676668 0.3424586 0.6058902 0.9126514 0.7871819 0.3118068 0.8339659 0.6838414 0.3837113 0.0811626 0.9457296 0.3535194 0.7937533 0.9216933 0.6038210 0.8819944 0.8480156 0.2216669 0.1272919 0.2416199 0.3198668 0.3350439 0.6325087 0.9372544 0.5621525 0.6233261 0.6119022 0.5584820 0.4485435 0.8422373 0.8059760 0.1262103 0.1946959 0.4218661 0.0488617 0.9718777 0.7236730 0.8728276 0.6657192 0.1173843 0.9439902 0.6214488 0.4609037 0.7477435 0.5531421 0.0747247 0.6397379 0.4111576 0.2863916 0.7570298 0.6427776 0.5962584 0.1020736 0.2852863 0.5435129 0.6542261 0.8986124 0.1654150 0.2227082 0.3571558 0.0176523 0.0386841 0.4733661 0.2023482 0.4505503 0.5122278 0.1842259 0.1842232 0.3950554 0.8399451 
0.7995220 0.4904739 0.7479015 0.9253242 0.8793089 0.8866596 0.0000000 0.2916075 0.3490456 0.4713939 0.7425112 0.1067891 0.0345360 0.8072359 0.7365271 0.4356936 0.1036275 0.5035568 0.0884712 0.6898859 0.5956305 0.3637575 0.2433988 0.2598566 0.2723698 0.3988138 0.4725648 0.6195257 0.4064662 0.5012489 0.1028918 0.5988144 0.9417992 0.6051196 0.7730403 0.1360224 0.0101750 0.6229854 0.4176300 0.3492206 0.1043794 0.1701412 0.4460097 0.1289153 0.9673771 0.1925368 0.5546090 0.0810046 0.6860936 0.6330801 0.7608905 0.2917241 0.9868376 0.0142893 0.5415807 0.2692075 0.4031032 0.0241455 0.8787332 0.7995693 0.5153944 0.9716250 0.4083837 0.4671936 0.5867446 0.1914240 0.5932160 0.5869195 0.8044094 0.0208459 0.9261401 0.8987888 0.1809871 0.3821498 0.0377041 0.1583642 0.5646866 0.5823131 0.2293687 0.2607802 0.2253932 0.9802592 0.5425044 0.2222308 0.9845485 0.0940851 0.4814383 0.3976517 0.1082306 0.3701715 0.2072210 0.6136250 0.3517964 0.6056047 0.0908186 0.9285410 0.7870287 0.6740346 0.5254605 0.6014381 
0.6422535 0.2793091 0.8211412 0.6612631 0.2831729 0.0819045 0.2916075 0.0000000 0.6848805 0.4616006 0.5102269 0.8558676 0.8337504 0.5379311 0.0242318 0.4084370 0.1302442 0.2436005 0.6592173 0.3456374 0.2338598 0.2117216 0.5578682 0.2284083 0.2958067 0.0493065 0.6160600 0.3940374 0.4094780 0.8132810 0.0176624 0.7512744 0.4288857 0.0984809 0.6898154 0.2259144 0.7625155 0.2252759 0.8173526 0.4573960 0.6768765 0.3375795 0.3232637 0.5206269 0.8655106 0.3374955 0.9190639 0.9857547 0.5710960 0.5882812 0.3413921 0.7949557 0.7900029 0.8892604 0.0333640 0.0958096 0.9285669 0.6394240 0.4798470 0.3480449 0.4627050 0.4875093 0.1093193 0.8815908 0.5759903 0.7891347 0.1175052 0.3485058 0.0244106 0.9248577 0.7959018 0.6912870 0.2724372 0.1291655 0.2219139 0.1479478 0.4566610 0.1509779 0.1437025 0.0377570 0.7292591 0.4750947 0.8227127 0.5292620 0.3743550 0.8460768 0.6150716 0.3129219 0.4955008 0.1049186 0.6509668 0.9482058 0.5824279 0.7502861 0.8397966 0.1684181 0.5494208 0.9473018 0.5069239 0.5638314 
0.2524518 0.8870436 0.6861684 0.7626488 0.7781789 0.2371967 0.3490456 0.6848805 0.0000000 0.8821595 0.3128258 0.2651184 0.1645967 0.4319913 0.4770324 0.3025445 0.8786522 0.6180103 0.4362470 0.9064092 0.3572694 0.9013417 0.7391219 0.8765314 0.2856967 0.5951987 0.5016030 0.5886186 0.1006995 0.5965215 0.2495854 0.0589053 0.1889494 0.9898716 0.8887019 0.3473676 0.5492924 0.8460036 0.8442915 0.1231238 0.7381631 0.1671172 0.3782422 0.8927598 0.5891085 0.8452745 0.2053043 0.4777607 0.4732848 0.6315514 0.3941699 0.8205542 0.5428931 0.1432919 0.7070855 0.8185898 0.7284906 0.2186885 0.4172084 0.8191900 0.8052100 0.6567939 0.8680953 0.9841594 0.6566654 0.7667972 0.3415270 0.2159578 0.6228009 0.1958185 0.3290816 0.3709640 0.3529357 0.6973238 0.2737238 0.9320442 0.5525983 0.4690282 0.4198050 0.0358831 0.1105795 0.8039749 0.8464372 0.6434726 0.9372668 0.5635228 0.4720624 0.6757573 0.7722113 0.8792708 0.5049474 0.5874213 0.5460647 0.3830427 0.5815807 0.2127301 0.1598399 0.9131077 0.4186879 0.7726408 
0.3136891 0.2259264 0.8946140 0.2805551 0.3757575 0.2718882 0.4713939 0.4616006 0.8821595 0.0000000 0.1189262 0.7377695 0.1536047 0.4618619 0.4450933 0.4173286 0.4039061 0.9876915 0.8763567 0.8137111 0.0335746 0.9769363 0.6276860 0.8700119 0.6304089 0.5749528 0.4435346 0.1124713 0.2607101 0.2257459 0.9817421 0.7556575 0.8031672 0.5378068 0.1487002 0.3947479 0.7405369 0.2985401 0.3178555 0.1692248 0.0811809 0.4267817 0.8969943 0.2247856 0.8786436 0.3520876 0.6321142 0.2925497 0.3497791 0.5184709 0.1162608 0.3733538 0.5054071 0.7339468 0.2533656 0.1458160 0.3188996 0.6869003 0.2482873 0.5696097 0.9026462 0.2400294 0.3352673 0.7158134 0.7678362 0.4739675 0.1205612 0.5183731 0.7625076 0.4284168 0.6775979 0.8336884 0.8451985 0.5845923 0.0684740 0.7338420 0.9266798 0.6905882 0.0363918 0.2864590 0.2190591 0.1426526 0.6498127 0.7144662 0.8665994 0.8931784 0.8502823 0.1954990 0.5900787 0.1085696 0.7551087 0.5027248 0.3385990 0.1003760 0.2285382 0.1164352 0.5643434 0.3390994 0.6248083 0.3368510 
0.9734556 0.4719412 0.0893522 0.4136906 0.8339557 0.9598080 0.7425112 0.5102269 0.3128258 0.1189262 0.0000000 0.7575162 0.3124062 0.1805394 0.6127146 0.8869985 0.2390134 0.3565567 0.8236783 0.9196016 0.3829484 0.1201373 0.1486607 0.5156010 0.7599500 0.8531270 0.3922004 0.6631284 0.7134092 0.5776993 0.2632071 0.8119788 0.3428080 0.7559319 0.1605778 0.4331840 0.9744701 0.2670130 0.9875274 0.3235695 0.8818213 0.3343784 0.0910857 0.2042276 0.5049178 0.6938003 0.1012260 0.7339312 0.0603570 0.9149044 0.6635329 0.4333054 0.0450417 0.8021936 0.9389064 0.7949917 0.6653206 0.3411068 0.4681202 0.3887298 0.9088061 0.7213272 0.2107086 0.2616141 0.4872592 0.3612864 0.6847981 0.4717293 0.6182994 0.6823255 0.7852989 0.5101208 0.0267039 0.8663846 0.7043483 0.5216217 0.5701849 0.7955744 0.2655529 0.6205419 0.7204787 0.9190858 0.0638474 0.7555204 0.7312794 0.0127538 0.5605122 0.4065999 0.3438606 0.0386323 0.7853297 0.2626666 0.7499596 0.9860383 0.5142808 0.2472188 0.3573248 0.2090789 0.7089481 0.9656242 
0.5290694 0.4340898 0.9384136 0.4088053 0.4934483 0.7225907 0.1067891 0.8558676 0.2651184 0.7377695 0.7575162 0.0000000 0.8814044 0.5042470 0.4857450 0.8981083 0.3806315 0.2000933 0.4297300 0.9408165 0.9856676 0.6852829 0.5713584 0.7161464 0.6143687 0.6252057 0.4816668 0.3556481 0.6279595 0.0521790 0.7522480 0.9618201 0.0808113 0.5475777 0.2344867 0.8207709 0.5436160 0.7387675 0.0779896 0.8909408 0.9378464 0.7769377 0.8665650 0.8292508 0.2911847 0.3623100 0.7373592 0.6618162 0.5524032 0.1770892 0.6126327 0.5480709 0.8523721 0.1939911 0.2742173 0.4767409 0.8091968 0.7458841 0.8223889 0.4471564 0.7880631 0.5846369 0.4189764 0.8588744 0.1422146 0.6434632 0.6896453 0.6758306 0.3922307 0.7576349 0.5767714 0.3400771 0.5445726 0.4533364 0.1793279 0.8257573 0.8056464 0.9066871 0.4975735 0.3680496 0.0937763 0.1202062 0.9061205 0.9361484 0.3041973 0.1903377 0.4228893 0.1233941 0.9262218 0.2552782 0.5605505 0.7242848 0.8299151 0.9695269 0.5931592 0.9621297 0.6229901 0.2928045 0.6479603 0.0252207 
0.9349561 0.8986084 0.0646854 0.4312475 0.5399595 0.9659637 0.0345360 0.8337504 0.1645967 0.1536047 0.3124062 0.8814044 0.0000000 0.0604394 0.2347317 0.3552978 0.5950120 0.6780681 0.5246258 0.4307693 0.4937145 0.4413129 0.9183429 0.8517640 0.5250892 0.0485491 0.7678845 0.4712376 0.3427463 0.9482222 0.8841269 0.4561405 0.8844440 0.1494051 0.0266909 0.6187288 0.9693202 0.9862178 0.2218881 0.9414499 0.6192079 0.5046925 0.5994102 0.6344286 0.5551319 0.8241419 0.9797264 0.1601439 0.5122100 0.5143522 0.5809132 0.0159245 0.9456651 0.5092561 0.8576885 0.4807542 0.5478052 0.6355730 0.9419918 0.8805515 0.5937952 0.8361187 0.3466920 0.4882392 0.9755238 0.3633829 0.1169681 0.9548440 0.3596007 0.3288561 0.9062939 0.9688085 0.8235487 0.5157040 0.6132371 0.3886806 0.3498459 0.6029636 0.5388245 0.8520559 0.1273158 0.1297378 0.8579804 0.0829808 0.6289939 0.7256689 0.5537350 0.1867990 0.3712419 0.5057268 0.0773505 0.9550371 0.3518455 0.4140425 0.4532764 0.3373693 0.7674254 0.5602444 0.3022133 0.1370260 
0.8706969 0.6010809 0.1236356 0.2007022 0.4055546 0.2603017 0.8072359 0.5379311 0.4319913 0.4618619 0.1805394 0.5042470 0.0604394 0.0000000 0.8791006 0.2185071 0.1158346 0.7126492 0.7242112 0.7190717 0.1113298 0.0840571 0.3320353 0.6401543 0.9261130 0.4493511 0.7598921 0.7940934 0.5223319 0.3988860 0.5297623 0.0860669 0.5756850 0.8910042 0.5817938 0.6430355 0.8560413 0.9236393 0.0670780 0.3193177 0.2710086 0.8245034 0.8695621 0.5632219 0.9515294 0.7586626 0.7717290 0.0773640 0.4813119 0.5059402 0.7864357 0.5826417 0.5799972 0.1284710 0.2327960 0.5161102 0.5678220 0.9826881 0.3202036 0.1001539 0.3915740 0.8399659 0.1762208 0.9572590 0.7409700 0.7480146 0.6102945 0.6070113 0.6816539 0.6673725 0.9163290 0.9426625 0.5018759 0.7958911 0.5158844 0.4634053 0.5645537 0.2976134 0.5307693 0.0558656 0.7935535 0.3272050 0.6285072 0.3835508 0.4456759 0.8513032 0.8896610 0.0234979 0.8439913 0.2198646 0.1136518 0.2455654 0.0698304 0.2798727 0.2128244 0.8008005 0.0378873 0.8131189 0.4178118 0.7095412 
0.7727215 0.8272784 0.6313724 0.4797056 0.8606744 0.0982411 0.7365271 0.0242318 0.4770324 0.4450933 0.6127146 0.4857450 0.2347317 0.8791006 0.0000000 0.4904915 0.3441408 0.6622037 0.9823674 0.1500319 0.1880880 0.4557727 0.7045856 0.4757014 0.9765420 0.7504512 0.2792549 0.3137470 0.3889584 0.6528057 0.7494229 0.2502617 0.5524667 0.7629208 0.1042530 0.7623313 0.8665727 0.3398184 0.8221617 0.1564454 0.5426428 0.6329622 0.1843326 0.3657617 0.0607740 0.8838738 0.8462532 0.3949148 0.5560775 0.8386206 0.5349467 0.7341656 0.3043933 0.2495323 0.2198670 0.2909353 0.9899834 0.4891219 0.5946823 0.3889418 0.1519276 0.3541052 0.6292035 0.6943943 0.1270260 0.7234565 0.4667255 0.9835987 0.0732748 0.2988872 0.1500440 0.6059176 0.9218494 0.3243767 0.9616793 0.9726234 0.2182505 0.8179324 0.3775382 0.7643280 0.6665530 0.9024849 0.5084936 0.9609463 0.1620171 0.7183606 0.2618816 0.1620005 0.2174824 0.8465639 0.5409424 0.3594100 0.2106691 0.1801459 0.0638043 0.3276951 0.8936023 0.5205298 0.3212938 0.9568772 
0.4183639 0.9652378 0.2218661 0.9050511 0.6807446 0.9163223 0.4356936 0.4084370 0.3025445 0.4173286 0.8869985 0.8981083 0.3552978 0.2185071 0.4904915 0.0000000 0.8094170 0.4613378 0.5727947 0.7412664 0.7757145 0.5444740 0.7238898 0.9839650 0.3724064 0.1114280 0.7582931 0.0489594 0.0239129 0.2767867 0.0199057 0.1759300 0.9851472 0.2717873 0.3279306 0.2126297 0.1283512 0.8588730 0.5620397 0.3290203 0.0490188 0.6158440 0.6467153 0.9326211 0.1463738 0.9580091 0.8994983 0.9457908 0.4293470 0.4822930 0.6970572 0.2150615 0.0367670 0.4309470 0.2090265 0.3991735 0.5323751 0.9573196 0.4381329 0.5462880 0.2441063 0.4480386 0.7122180 0.2392535 0.7098259 0.0501486 0.4418832 0.8281771 0.8990216 0.0139229 0.1671974 0.9380404 0.6197668 0.8039127 0.8806615 0.7561406 0.7719219 0.7901598 0.7119314 0.2112688 0.2824528 0.4189885 0.4163303 0.3092199 0.8399356 0.6153568 0.6983933 0.3823106 0.5826764 0.1465262 0.9185986 0.8167827 0.5845649 0.6408167 0.0660362 0.3043908 0.6809653 0.4979194 0.1425679 0.5899869 
0.2282031 0.0660401 0.8006967 0.1098663 0.8974363 0.6078459 0.1036275 0.1302442 0.8786522 0.4039061 0.2390134 0.3806315 0.5950120 0.1158346 0.3441408 0.8094170 0.0000000 0.5018422 0.2997653 0.5380273 0.1316091 0.1136781 0.4286888 0.8777497 0.8755999 0.2288486 0.5996810 0.0968687 0.5013014 0.0286696 0.5031990 0.8005213 0.8586051 0.1285558 0.5089146 0.2509158 0.7012322 0.6454409 0.1795144 0.5280149 0.2400058 0.8103311 0.5840511 0.5343966 0.5012964 0.0919705 0.6669645 0.1012832 0.5838127 0.9567298 0.6293105 0.7054218 0.0804079 0.0679992 0.5931715 0.9460078 0.2868478 0.2028526 0.0528765 0.7781493 0.2215221 0.5460755 0.5886706 0.0901273 0.6646314 0.1075852 0.3310431 0.3758636 0.7430261 0.5005575 0.8938786 0.9730319 0.3208886 0.4879297 0.5174284 0.8121849 0.5699002 0.1943929 0.9034681 0.1637129 0.1611228 0.5427786 0.8591348 0.2315306 0.6007778 0.4623063 0.1875384 0.8776257 0.6551588 0.2304149 0.6657750 0.8666810 0.7664905 0.2644456 0.9468082 0.4411218 0.3620308 0.2878513 0.8069855 0.1150569 
0.5501000 0.8672407 0.3075839 0.2988295 0.6744604 0.2352975 0.5035568 0.2436005 0.6180103 0.9876915 0.3565567 0.2000933 0.6780681 0.7126492 0.6622037 0.4613378 0.5018422 0.0000000 0.7784088 0.7108640 0.0980888 0.1092973 0.2087937 0.6055173 0.9114823 0.7686939 0.7899102 0.8249504 0.9224069 0.9410330 0.3777290 0.7915416 0.1825636 0.9685068 0.2638479 0.3601020 0.8561325 0.9090068 0.5805169 0.5319074 0.7856878 0.3570073 0.7863530 0.7424960 0.7881292 0.1583838 0.0403473 0.6051146 0.2634407 0.8087561 0.3259787 0.3515295 0.9080535 0.5247724 0.9470468 0.8295357 0.3034663 0.7469570 0.6644861 0.2358732 0.6979900 0.0522150 0.0374149 0.8705535 0.0307218 0.2912628 0.2406555 0.8768543 0.2102696 0.8111723 0.4187618 0.9859573 0.1781797 0.2151148 0.7384534 0.9563088 0.3634986 0.7688007 0.5714235 0.6169393 0.5875568 0.8874021 0.9584688 0.5056102 0.4221745 0.9155156 0.3451460 0.7156409 0.6724726 0.0196320 0.9415141 0.3804625 0.0618471 0.9689289 0.2610161 0.0825689 0.2701917 0.4916715 0.9494232 0.4704613 
0.0552981 0.0949546 0.5176497 0.9294669 0.9011496 0.3836044 0.0884712 0.6592173 0.4362470 0.8763567 0.8236783 0.4297300 0.5246258 0.7242112 0.9823674 0.5727947 0.2997653 0.7784088 0.0000000 0.3128439 0.3781850 0.4664187 0.4810235 0.5832998 0.2148720 0.4473324 0.9367983 0.9736727 0.0287558 0.5637376 0.5712295 0.9061580 0.5322064 0.0868397 0.3383325 0.4577220 0.4219857 0.0639734 0.1401946 0.4316177 0.0154875 0.5106571 0.4834648 0.9744164 0.7616732 0.5560337 0.2546082 0.2633447 0.5154570 0.7150695 0.5661886 0.8836420 0.1914881 0.0572121 0.4769418 0.3963602 0.4945445 0.4237401 0.3800329 0.5133003 0.9774777 0.9412624 0.4294583 0.5196841 0.0381021 0.7577908 0.9674061 0.4500878 0.8117642 0.1176006 0.8717055 0.8172517 0.6182577 0.3651703 0.8016681 0.3899309 0.9112041 0.0662763 0.6432756 0.4366610 0.7713458 0.2194642 0.3303030 0.9528339 0.2666763 0.7972448 0.3591941 0.7512208 0.2309849 0.7292270 0.2745211 0.2184626 0.6804893 0.6939794 0.7281467 0.7085914 0.4617702 0.7055527 0.1686792 0.2835345 
0.6154151 0.0137504 0.0975686 0.7646029 0.2706404 0.1081999 0.6898859 0.3456374 0.9064092 0.8137111 0.9196016 0.9408165 0.4307693 0.7190717 0.1500319 0.7412664 0.5380273 0.7108640 0.3128439 0.0000000 0.8131534 0.0503847 0.1107862 0.4414111 0.4055550 0.9024543 0.8213420 0.3267591 0.9587306 0.4746176 0.7534201 0.7400764 0.6840818 0.0937232 0.7029103 0.9407581 0.8809680 0.0721044 0.7019789 0.1219529 0.7913314 0.9665000 0.3304155 0.4818207 0.6704795 0.0685621 0.2004122 0.1422497 0.7641149 0.3590914 0.4157842 0.5872682 0.3994761 0.5165703 0.0386793 0.7950311 0.4290246 0.8500213 0.1317902 0.3977552 0.3346390 0.8752103 0.1478316 0.0287207 0.9589335 0.8407420 0.9594789 0.8499015 0.9028464 0.6714578 0.9618544 0.7041778 0.6479578 0.3022698 0.1959986 0.3284372 0.3608320 0.3864107 0.4606870 0.1349468 0.7355021 0.8664711 0.7122151 0.1449782 0.3930415 0.7408944 0.9300093 0.8120661 0.6009157 0.0717994 0.2198213 0.9255547 0.9370097 0.3576530 0.9442754 0.9059432 0.2083950 0.9137543 0.7658447 0.1212414 
0.4267179 0.8667055 0.3134798 0.1130370 0.0757594 0.2177520 0.5956305 0.2338598 0.3572694 0.0335746 0.3829484 0.9856676 0.4937145 0.1113298 0.1880880 0.7757145 0.1316091 0.0980888 0.3781850 0.8131534 0.0000000 0.5952120 0.7376990 0.8154192 0.2531698 0.0499688 0.0214178 0.5716071 0.4008008 0.3978285 0.0422940 0.5257477 0.1433306 0.8987651 0.2479627 0.2783088 0.3018066 0.9788571 0.2183181 0.1238727 0.5897728 0.2801175 0.3336940 0.5253275 0.2271272 0.6813470 0.4796029 0.1430704 0.8797420 0.4033572 0.8989151 0.0109834 0.9885692 0.6466141 0.8164026 0.2517390 0.6865829 0.8278203 0.8133461 0.0973837 0.2356489 0.8456401 0.6131314 0.3689795 0.7544052 0.8510941 0.6372883 0.0662118 0.8399512 0.8456064 0.1800845 0.4397240 0.1357239 0.5037785 0.9550515 0.3528511 0.1951255 0.4446544 0.4859215 0.0848675 0.8380115 0.3948366 0.0858509 0.8365807 0.0514506 0.8922534 0.0983197 0.7280336 0.7300738 0.9016658 0.8154173 0.9557227 0.7573058 0.4385487 0.3347022 0.5217110 0.2996428 0.9619905 0.5779228 0.1495939 
0.3893119 0.5525393 0.2175009 0.9110396 0.0739921 0.4008888 0.3637575 0.2117216 0.9013417 0.9769363 0.1201373 0.6852829 0.4413129 0.0840571 0.4557727 0.5444740 0.1136781 0.1092973 0.4664187 0.0503847 0.5952120 0.0000000 0.8175969 0.7480073 0.5793179 0.9433208 0.2617858 0.5443694 0.3061719 0.4469114 0.9790238 0.7820934 0.5217789 0.8270353 0.1869300 0.5976298 0.6736160 0.2283807 0.4998832 0.7619357 0.9464142 0.2399570 0.6736015 0.7718315 0.2056796 0.4409074 0.2203802 0.5303818 0.9526184 0.5100230 0.5023723 0.5405412 0.6496169 0.3299693 0.2985485 0.2389349 0.2832901 0.5503343 0.7733042 0.5794620 0.9872457 0.7623280 0.3715555 0.5190245 0.5993633 0.5484855 0.1266543 0.2829793 0.7668662 0.6165375 0.0549150 0.7232804 0.8464945 0.7185165 0.5051119 0.0621741 0.1694239 0.7154921 0.5825559 0.1320423 0.2355151 0.0949282 0.6625835 0.8751320 0.4148975 0.9511320 0.1240669 0.6881876 0.5114663 0.8873711 0.2776496 0.5087120 0.6596991 0.6392051 0.0377365 0.2690624 0.1976906 0.1543908 0.5420417 0.9545567 
0.7706310 0.1414936 0.6334198 0.1509533 0.0630788 0.6273876 0.2433988 0.5578682 0.7391219 0.6276860 0.1486607 0.5713584 0.9183429 0.3320353 0.7045856 0.7238898 0.4286888 0.2087937 0.4810235 0.1107862 0.7376990 0.8175969 0.0000000 0.7609283 0.5869567 0.6878371 0.6174228 0.3154733 0.2029490 0.6695969 0.4748972 0.9084412 0.2621528 0.5969395 0.1539563 0.3470810 0.2695230 0.0390883 0.7519785 0.2306549 0.1531552 0.4501661 0.7321212 0.0505264 0.7178157 0.2508332 0.7002255 0.3670207 0.2785697 0.9592880 0.5547113 0.4229605 0.5113297 0.5192680 0.1938888 0.1082864 0.2171051 0.8013116 0.4137597 0.4100541 0.4809084 0.8786569 0.3284953 0.7330612 0.4855964 0.4724516 0.0901422 0.7451193 0.5015400 0.8321206 0.9657743 0.6446952 0.2922867 0.7078955 0.6852216 0.0201024 0.9487287 0.3954471 0.3771231 0.2372984 0.3647351 0.9218344 0.6502589 0.8660648 0.4511023 0.8341477 0.9643512 0.6582075 0.6454592 0.3881109 0.0782616 0.1363676 0.2767678 0.3967569 0.8594288 0.7523641 0.8592086 0.9395709 0.5074834 0.3707485 
0.6591398 0.9270329 0.2568601 0.8428174 0.8960236 0.2371086 0.2598566 0.2284083 0.8765314 0.8700119 0.5156010 0.7161464 0.8517640 0.6401543 0.4757014 0.9839650 0.8777497 0.6055173 0.5832998 0.4414111 0.8154192 0.7480073 0.7609283 0.0000000 0.7816916 0.4832577 0.0254438 0.0839783 0.2011532 0.7006654 0.0940807 0.1598818 0.1061125 0.4612037 0.3871802 0.4608476 0.3930381 0.0474390 0.3369124 0.8341404 0.8715867 0.3112636 0.5023479 0.5270459 0.6893745 0.5706095 0.6534135 0.9561422 0.9573664 0.5228423 0.7185063 0.8265750 0.4724133 0.2359897 0.2073235 0.2641048 0.7092474 0.2227673 0.3380831 0.9004006 0.9134327 0.4221638 0.0702824 0.0295452 0.8733675 0.4474626 0.4803928 0.2764056 0.4849016 0.8073052 0.1205461 0.3664883 0.1285688 0.6128940 0.8835342 0.8079433 0.1935035 0.5469477 0.7740855 0.1608699 0.0797900 0.5025918 0.9774449 0.5422033 0.7285815 0.1947684 0.7963081 0.4478289 0.4075357 0.1443913 0.3582295 0.3309684 0.5565551 0.4185118 0.3505136 0.4399226 0.8559744 0.8209064 0.7063282 0.3508760 
0.1769315 0.3564315 0.4165448 0.5679118 0.2015039 0.9808173 0.2723698 0.2958067 0.2856967 0.6304089 0.7599500 0.6143687 0.5250892 0.9261130 0.9765420 0.3724064 0.8755999 0.9114823 0.2148720 0.4055550 0.2531698 0.5793179 0.5869567 0.7816916 0.0000000 0.6382116 0.8168743 0.7073643 0.7567804 0.4397683 0.6008985 0.5747237 0.6232718 0.1578462 0.3588091 0.7741417 0.2276362 0.8514009 0.7615866 0.7598395 0.5899824 0.9463550 0.5661477 0.0478113 0.3638907 0.7005389 0.3960408 0.6848591 0.2670940 0.8045526 0.0453727 0.6970166 0.6705270 0.8562791 0.4133448 0.0314030 0.5044908 0.2402191 0.7287672 0.2712712 0.6699874 0.3396657 0.8359949 0.3032592 0.4875119 0.2048040 0.0874009 0.7051481 0.0662049 0.8389875 0.4749876 0.6461873 0.7953425 0.0511352 0.6839986 0.1692332 0.7416742 0.0900394 0.8440924 0.0187682 0.8845920 0.8794651 0.7057847 0.5651190 0.7457442 0.1291296 0.5865220 0.2602350 0.3593487 0.3252892 0.5215062 0.0393361 0.6549549 0.3675010 0.3325953 0.1524667 0.5623050 0.4099962 0.8476148 0.6185099 
0.3227290 0.2554647 0.9360414 0.8614521 0.0226418 0.6646477 0.3988138 0.0493065 0.5951987 0.5749528 0.8531270 0.6252057 0.0485491 0.4493511 0.7504512 0.1114280 0.2288486 0.7686939 0.4473324 0.9024543 0.0499688 0.9433208 0.6878371 0.4832577 0.6382116 0.0000000 0.2589837 0.3326024 0.2746972 0.0643262 0.3737376 0.9486959 0.2235595 0.1254118 0.0487353 0.0776518 0.1341800 0.9233273 0.9471169 0.8299647 0.4984463 0.7028611 0.9490943 0.0949682 0.9530961 0.3184429 0.4102574 0.4846022 0.3477791 0.0752123 0.8421033 0.6703744 0.2176790 0.4144083 0.0903706 0.0752938 0.0429182 0.3393543 0.3978962 0.3076155 0.3936805 0.7616338 0.2663113 0.6072400 0.8770456 0.3050466 0.6748918 0.0212256 0.2383738 0.6320087 0.8411903 0.7268201 0.3448698 0.8002846 0.8117883 0.3079659 0.1287275 0.2320457 0.7825681 0.4665066 0.2972580 0.6346714 0.1468810 0.5049370 0.0590797 0.2272516 0.5702308 0.0919979 0.5566059 0.9581270 0.3896133 0.9402864 0.7297608 0.6459247 0.5575264 0.6168064 0.9409712 0.2424182 0.6280320 0.1893451 
0.3147807 0.6691686 0.9304891 0.0522319 0.4692390 0.9863296 0.4725648 0.6160600 0.5016030 0.4435346 0.3922004 0.4816668 0.7678845 0.7598921 0.2792549 0.7582931 0.5996810 0.7899102 0.9367983 0.8213420 0.0214178 0.2617858 0.6174228 0.0254438 0.8168743 0.2589837 0.0000000 0.8644269 0.4792223 0.9061652 0.2192967 0.2895068 0.7279535 0.5172627 0.4082343 0.9499992 0.3098308 0.8647409 0.2572571 0.9345022 0.0216219 0.7521941 0.9835819 0.2388734 0.3324248 0.0855798 0.7854793 0.3005518 0.4651931 0.7357657 0.0403126 0.1211178 0.3032921 0.6471190 0.0720890 0.5357103 0.2851510 0.2514341 0.4101372 0.7543733 0.1675993 0.6194340 0.0538801 0.8855527 0.1466966 0.4521145 0.8455519 0.4465274 0.3268554 0.1128090 0.3910296 0.3384773 0.8550031 0.3846115 0.5673507 0.1974279 0.4601913 0.3628300 0.4879797 0.9153844 0.1085957 0.5182923 0.0465022 0.4018879 0.1754113 0.1085912 0.9275982 0.4505623 0.3500253 0.3477354 0.2149356 0.5076245 0.9571694 0.2588157 0.4031772 0.1138661 0.7009302 0.2587291 0.5503935 0.0377856 
0.6872820 0.5978002 0.7081426 0.7378902 0.7029623 0.8152174 0.6195257 0.3940374 0.5886186 0.1124713 0.6631284 0.3556481 0.4712376 0.7940934 0.3137470 0.0489594 0.0968687 0.8249504 0.9736727 0.3267591 0.5716071 0.5443694 0.3154733 0.0839783 0.7073643 0.3326024 0.8644269 0.0000000 0.3615382 0.9314231 0.3662628 0.2265413 0.3260347 0.9236135 0.4139692 0.7762260 0.2964435 0.8919489 0.7016104 0.3950393 0.4202412 0.7381125 0.7869271 0.5856524 0.8367037 0.7245253 0.0462147 0.1967289 0.0822607 0.2511502 0.6943535 0.0494302 0.4999659 0.1075307 0.1532962 0.2108961 0.3562598 0.6936897 0.2386817 0.7077980 0.6351129 0.5949446 0.9243393 0.9511475 0.5285581 0.3483084 0.7373735 0.8150016 0.2502573 0.4489839 0.2200409 0.6604985 0.1970964 0.0169680 0.2561510 0.0438001 0.7314933 0.2923657 0.2305290 0.8037541 0.5335159 0.9148825 0.8431842 0.0434818 0.0324132 0.9864804 0.2443780 0.3786730 0.6901702 0.4730597 0.0964710 0.3352830 0.0780042 0.0308103 0.2964306 0.5965623 0.3691188 0.0438041 0.4215640 0.6093761 
0.1113599 0.1251250 0.6425345 0.2839859 0.6618275 0.2403351 0.4064662 0.4094780 0.1006995 0.2607101 0.7134092 0.6279595 0.3427463 0.5223319 0.3889584 0.0239129 0.5013014 0.9224069 0.0287558 0.9587306 0.4008008 0.3061719 0.2029490 0.2011532 0.7567804 0.2746972 0.4792223 0.3615382 0.0000000 0.4827880 0.6316049 0.2798746 0.6698844 0.6385729 0.5260256 0.7036844 0.3800663 0.8083912 0.9242135 0.1938203 0.3519071 0.8490960 0.0470045 0.3853890 0.8715092 0.0434850 0.6197670 0.2601822 0.7236551 0.1028266 0.3466532 0.0689382 0.1708309 0.3674635 0.3553688 0.7573932 0.7265823 0.3891728 0.1889572 0.3459584 0.8619608 0.8105621 0.6158330 0.5418452 0.4591350 0.1518586 0.2555296 0.8292013 0.9502498 0.1897431 0.0330216 0.3121569 0.0488390 0.0700261 0.6875459 0.9103482 0.1035111 0.3173129 0.1805304 0.8171662 0.4101395 0.5171836 0.8761044 0.5709704 0.8746471 0.2414731 0.3383636 0.6112294 0.6206460 0.5173208 0.9471878 0.4926068 0.3378829 0.5730208 0.0444519 0.7870180 0.7148793 0.2899815 0.6262192 0.6751292 
0.9684393 0.4977912 0.5140614 0.4092773 0.0303547 0.2574939 0.5012489 0.8132810 0.5965215 0.2257459 0.5776993 0.0521790 0.9482222 0.3988860 0.6528057 0.2767867 0.0286696 0.9410330 0.5637376 0.4746176 0.3978285 0.4469114 0.6695969 0.7006654 0.4397683 0.0643262 0.9061652 0.9314231 0.4827880 0.0000000 0.4697246 0.6492408 0.9772861 0.5085636 0.7092669 0.6748320 0.4289117 0.8027780 0.9821449 0.5994421 0.6299442 0.4022845 0.1266257 0.5160485 0.9632549 0.0112728 0.7475217 0.3116185 0.6125022 0.3781676 0.8189393 0.5696900 0.8607744 0.1668223 0.1527108 0.8952263 0.9438402 0.8575901 0.1952078 0.5800594 0.5427193 0.6549324 0.2393003 0.5300054 0.1734960 0.9385672 0.2148374 0.5924077 0.7513451 0.2069823 0.2018498 0.3912893 0.5992668 0.3184755 0.8973379 0.5725217 0.3197483 0.6548595 0.8741402 0.9222505 0.0430272 0.7030795 0.5019405 0.8938016 0.8599018 0.6446513 0.7990279 0.8137420 0.5122414 0.9842357 0.4038014 0.0649606 0.6491681 0.6331017 0.5849660 0.8126640 0.5816689 0.7898034 0.4150717 0.3430140 
0.7961949 0.8027641 0.8478067 0.5224983 0.7420790 0.6676668 0.1028918 0.0176624 0.2495854 0.9817421 0.2632071 0.7522480 0.8841269 0.5297623 0.7494229 0.0199057 0.5031990 0.3777290 0.5712295 0.7534201 0.0422940 0.9790238 0.4748972 0.0940807 0.6008985 0.3737376 0.2192967 0.3662628 0.6316049 0.4697246 0.0000000 0.9867858 0.6069215 0.7243033 0.5960525 0.9153970 0.6316412 0.1785742 0.2451453 0.2965008 0.0627144 0.1773959 0.3295279 0.7557939 0.6693364 0.2333295 0.6256957 0.3239876 0.0423574 0.4494377 0.8262290 0.0365930 0.8432391 0.8811896 0.6757611 0.4863408 0.4761556 0.4984251 0.0780097 0.2759590 0.9034969 0.4110237 0.2727448 0.5204184 0.1453270 0.8587973 0.4458154 0.7669682 0.0473716 0.6809608 0.0734690 0.1000859 0.8483566 0.3929969 0.8458798 0.5276930 0.6163264 0.4815755 0.8416806 0.6486837 0.9210131 0.6779096 0.6752768 0.7742522 0.5690992 0.3610379 0.2705930 0.0552548 0.8494630 0.3386027 0.3212139 0.7629599 0.7396264 0.5839586 0.2933782 0.8749533 0.4527560 0.7291937 0.6519216 0.4901275 
0.6109458 0.5833613 0.3378866 0.2649492 0.7735777 0.3424586 0.5988144 0.7512744 0.0589053 0.7556575 0.8119788 0.9618201 0.4561405 0.0860669 0.2502617 0.1759300 0.8005213 0.7915416 0.9061580 0.7400764 0.5257477 0.7820934 0.9084412 0.1598818 0.5747237 0.9486959 0.2895068 0.2265413 0.2798746 0.6492408 0.9867858 0.0000000 0.4201544 0.7153905 0.5802135 0.2785110 0.1183874 0.4360933 0.7962040 0.7247137 0.9076688 0.6478846 0.3833975 0.8386819 0.3357942 0.0686742 0.6229342 0.8948933 0.4197121 0.8835272 0.9401482 0.2791751 0.2321299 0.2713620 0.0521349 0.9617563 0.8453207 0.3355132 0.8467096 0.3080767 0.0747068 0.5086312 0.7882042 0.4848613 0.2340217 0.3784177 0.7533723 0.3424091 0.8045110 0.5595763 0.0771228 0.7221798 0.2174609 0.4505203 0.5708617 0.5432550 0.5091945 0.2037959 0.4481484 0.9189066 0.0973231 0.3982965 0.2080817 0.3194530 0.6596585 0.2502166 0.2912093 0.5149792 0.5757298 0.1479189 0.8130559 0.6404366 0.6465501 0.6112601 0.1352979 0.8705718 0.9796777 0.8786701 0.2229809 0.7941887 
0.1211693 0.6271009 0.7179966 0.1537117 0.0180089 0.6058902 0.9417992 0.4288857 0.1889494 0.8031672 0.3428080 0.0808113 0.8844440 0.5756850 0.5524667 0.9851472 0.8586051 0.1825636 0.5322064 0.6840818 0.1433306 0.5217789 0.2621528 0.1061125 0.6232718 0.2235595 0.7279535 0.3260347 0.6698844 0.9772861 0.6069215 0.4201544 0.0000000 0.4482464 0.2901037 0.5263685 0.6557073 0.7306239 0.1072302 0.2089623 0.2498184 0.3010261 0.6471106 0.1787250 0.3883492 0.0554072 0.3768067 0.6978023 0.7050657 0.6170233 0.9790116 0.2300449 0.2027530 0.1369305 0.0531008 0.8331896 0.7734806 0.6543608 0.9584875 0.6540524 0.6440385 0.8471576 0.8670333 0.4482273 0.3054040 0.1671370 0.9645958 0.9511113 0.8877609 0.0818260 0.1700736 0.1475794 0.3728521 0.8071843 0.3163044 0.7512013 0.8525914 0.6831110 0.4590036 0.5676571 0.3101343 0.4480151 0.7877020 0.5028873 0.5749456 0.8308028 0.3460769 0.3584263 0.4951636 0.3145644 0.0224787 0.1492021 0.1717220 0.8795120 0.5874294 0.4671261 0.0566490 0.5620251 0.4282374 0.9344099 
0.7594613 0.1496947 0.0915235 0.7629415 0.6052885 0.9126514 0.6051196 0.0984809 0.9898716 0.5378068 0.7559319 0.5475777 0.1494051 0.8910042 0.7629208 0.2717873 0.1285558 0.9685068 0.0868397 0.0937232 0.8987651 0.8270353 0.5969395 0.4612037 0.1578462 0.1254118 0.5172627 0.9236135 0.6385729 0.5085636 0.7243033 0.7153905 0.4482464 0.0000000 0.6338511 0.5883110 0.0919893 0.0167031 0.4054952 0.3982936 0.7579044 0.2680867 0.0914047 0.2269080 0.8257438 0.3915389 0.6649231 0.6234458 0.8844262 0.2498688 0.4642485 0.2405032 0.5982951 0.9494121 0.5450676 0.6107738 0.1086142 0.7067896 0.5002858 0.6860436 0.1839157 0.5469348 0.2580687 0.6021531 0.4913447 0.8819197 0.2004641 0.5733340 0.8886229 0.5959593 0.9616276 0.6565273 0.8540460 0.0630323 0.8734353 0.6897897 0.4445712 0.5483584 0.3232355 0.3389975 0.7882272 0.7774841 0.5695006 0.3965222 0.7368962 0.1245682 0.0172960 0.8355104 0.8213578 0.5075818 0.5315540 0.0152735 0.0645166 0.7796226 0.6074266 0.5458613 0.6715424 0.7978907 0.1291954 0.5701653 
0.4146785 0.7455124 0.8763945 0.4486380 0.3844859 0.7871819 0.7730403 0.6898154 0.8887019 0.1487002 0.1605778 0.2344867 0.0266909 0.5817938 0.1042530 0.3279306 0.5089146 0.2638479 0.3383325 0.7029103 0.2479627 0.1869300 0.1539563 0.3871802 0.3588091 0.0487353 0.4082343 0.4139692 0.5260256 0.7092669 0.5960525 0.5802135 0.2901037 0.6338511 0.0000000 0.4038500 0.1008230 0.2366926 0.2678960 0.1538553 0.1201279 0.9476857 0.5884265 0.6584863 0.2809212 0.9174240 0.4567135 0.0684053 0.4969246 0.8432357 0.7953015 0.6114928 0.8505317 0.6408119 0.4428507 0.3681135 0.1823658 0.4481242 0.4226302 0.9519885 0.0655508 0.9584915 0.6335308 0.8534414 0.0976869 0.2136961 0.2672914 0.1885099 0.4403887 0.5251874 0.3323652 0.5505166 0.4828731 0.9107917 0.2190029 0.7537943 0.8382156 0.6657164 0.8121996 0.3451403 0.5189521 0.6175011 0.9466331 0.3794838 0.2683130 0.3994837 0.7375974 0.4406788 0.8376079 0.1702276 0.4026673 0.8931587 0.1387191 0.0461981 0.7566001 0.2264059 0.2498942 0.0338916 0.4049158 0.6802829 
0.5161183 0.5949876 0.2097583 0.2964346 0.8061637 0.3118068 0.1360224 0.2259144 0.3473676 0.3947479 0.4331840 0.8207709 0.6187288 0.6430355 0.7623313 0.2126297 0.2509158 0.3601020 0.4577220 0.9407581 0.2783088 0.5976298 0.3470810 0.4608476 0.7741417 0.0776518 0.9499992 0.7762260 0.7036844 0.6748320 0.9153970 0.2785110 0.5263685 0.5883110 0.4038500 0.0000000 0.5490789 0.7272809 0.2407995 0.0419520 0.6480726 0.4498024 0.7857464 0.4962883 0.1255188 0.6079460 0.8314285 0.6344709 0.2354471 0.7880616 0.0239547 0.4937601 0.1975453 0.7515521 0.9244389 0.0451533 0.9117797 0.3371061 0.9283120 0.0604987 0.3733042 0.6949121 0.2769046 0.6131984 0.7188037 0.6718204 0.3034813 0.2778826 0.4091014 0.5342808 0.3098346 0.0671740 0.9740832 0.1055810 0.5534622 0.1096019 0.7035270 0.3948907 0.7340728 0.9289741 0.1929523 0.7480275 0.4327341 0.3804977 0.5095797 0.3671730 0.4156510 0.4313593 0.6942791 0.3539629 0.4818580 0.0775833 0.0588750 0.7487627 0.6807818 0.7676787 0.4305831 0.9742631 0.0555613 0.8296845 
0.8428869 0.7404197 0.8512055 0.0365938 0.2502885 0.8339659 0.0101750 0.7625155 0.5492924 0.7405369 0.9744701 0.5436160 0.9693202 0.8560413 0.8665727 0.1283512 0.7012322 0.8561325 0.4219857 0.8809680 0.3018066 0.6736160 0.2695230 0.3930381 0.2276362 0.1341800 0.3098308 0.2964435 0.3800663 0.4289117 0.6316412 0.1183874 0.6557073 0.0919893 0.1008230 0.5490789 0.0000000 0.5185439 0.3553959 0.8868585 0.5026270 0.4509769 0.4503207 0.6022290 0.1645039 0.8352115 0.3463018 0.1034780 0.0381638 0.1043293 0.5262121 0.4086615 0.6039090 0.8833851 0.8143124 0.0452683 0.5876642 0.1782754 0.5171263 0.6552476 0.2271504 0.2758890 0.3460293 0.9848291 0.6964721 0.3302924 0.0503904 0.5361566 0.8388362 0.3957864 0.4330151 0.3514633 0.8367633 0.8733358 0.9436922 0.0112672 0.7185473 0.2999940 0.1047452 0.7467111 0.3943233 0.6209573 0.1653726 0.9882323 0.5143425 0.9696850 0.0435006 0.1120067 0.1579604 0.5506269 0.7572543 0.3751108 0.8165159 0.1132836 0.3699399 0.5229880 0.4335760 0.4103303 0.0691447 0.2824122 
0.2242005 0.2459863 0.6342960 0.3839623 0.2737948 0.6838414 0.6229854 0.2252759 0.8460036 0.2985401 0.2670130 0.7387675 0.9862178 0.9236393 0.3398184 0.8588730 0.6454409 0.9090068 0.0639734 0.0721044 0.9788571 0.2283807 0.0390883 0.0474390 0.8514009 0.9233273 0.8647409 0.8919489 0.8083912 0.8027780 0.1785742 0.4360933 0.7306239 0.0167031 0.2366926 0.7272809 0.5185439 0.0000000 0.7961167 0.4921598 0.6238755 0.6428801 0.3754956 0.5775677 0.6441473 0.1040429 0.8675618 0.7388925 0.8407540 0.2718851 0.3698499 0.0161265 0.2701174 0.8741923 0.9758115 0.3036180 0.9761990 0.1437719 0.8442448 0.7434533 0.5088827 0.6707607 0.8467369 0.8688226 0.2037488 0.2903129 0.2891529 0.2628934 0.5627251 0.0952697 0.7450532 0.1966006 0.7281497 0.1305488 0.7641683 0.3822970 0.2245917 0.6417301 0.1311895 0.0753457 0.9036152 0.4910394 0.0814722 0.1837325 0.3752317 0.0672837 0.4773505 0.3614307 0.2010556 0.3315953 0.1148840 0.6999383 0.0123561 0.9516209 0.5787609 0.2061048 0.2519337 0.8579138 0.4589983 0.8046588 
0.1683718 0.8642967 0.0408994 0.9476977 0.0993365 0.3837113 0.4176300 0.8173526 0.8442915 0.3178555 0.9875274 0.0779896 0.2218881 0.0670780 0.8221617 0.5620397 0.1795144 0.5805169 0.1401946 0.7019789 0.2183181 0.4998832 0.7519785 0.3369124 0.7615866 0.9471169 0.2572571 0.7016104 0.9242135 0.9821449 0.2451453 0.7962040 0.1072302 0.4054952 0.2678960 0.2407995 0.3553959 0.7961167 0.0000000 0.9431835 0.2140515 0.0112594 0.6813332 0.3346003 0.7654277 0.0736302 0.5491920 0.4171578 0.1948197 0.6145377 0.3307729 0.6758591 0.6860099 0.5045054 0.0610908 0.7432936 0.9718559 0.4125215 0.9343492 0.3134512 0.5174055 0.6442875 0.3158073 0.4790264 0.2330484 0.5119121 0.7209601 0.1009622 0.9609104 0.5356189 0.0541457 0.1849619 0.5368783 0.7254789 0.5095622 0.3123060 0.7891091 0.0687543 0.7194637 0.9739288 0.6732920 0.0602366 0.6597880 0.3693019 0.5547421 0.7108788 0.1225955 0.5365980 0.1334003 0.0669447 0.8400492 0.6408058 0.7012321 0.1658565 0.1298323 0.9242805 0.6677687 0.8407924 0.0352427 0.6386791 
